objTZBG,32,0,3B2EB155,0,1,1,4294967295,0,0
objPlayerSpawn,288,736,A468855C,0,1,1,4294967295,0,0
objSolidMask01,0,768,DDA0B875,0,6.75,3,4294967295,0,0
objPlatformMask01,960,672,E0E0A2EE,0,3,1,4294967295,0,0
objSolidMask04,864,768,0189A508,0,0.5,1,4294967295,0,0
objSolidMask08,912,785,BA82F70E,0,0.75,0.57291667,4294967295,0,0
objSolidMask08,984,840,01DDD0B7,0,1.03,1,4294967295,0,0
objSolidMask01,1080,936,ECEDDECA,0,0.5625,0.75,4294967295,0,0
objSolidMask07,1152,864,AB544940,0,-0.5,1,4294967295,0,0
objSolidMask01,1152,912,5145DE41,0,2.25,1.5,4294967295,0,0
objSolidMask01,1440,672,0C9A92E8,0,3,1.5,4294967295,0,0
objSolidMask01,1440,696,A21D3052,0,0.5625,7.5,4294967295,0,0
objSolidMask09,1440,864,7E0EBA9F,0,-0.5,0.5,4294967295,0,0
objLaunchSensor,1440,696,1BF5C802,0,1,1,4294967295,0,0
objCorkscrew,2592,776,6B0DB02B,0,1,1,4294967295,0,0
objSolidMask08,1824,672,49B504F8,0,4,2,4294967295,0,0
objSolidMask01,2208,864,4FC59D1F,0,3,1.5,4294967295,0,0
objSolidMask01,2856,864,43C48DE6,0,2.25,1.5,4294967295,0,0
objSolidMask01,2304,1056,D2201EF5,0,4.5,2.25,4294967295,0,0
objSolidMask01,2208,1152,398E1EB9,0,0.75,3,4294967295,0,0
objSpring01,2293,1133,1000A715,0,1,1,4294967295,0,0
objSolidMask01,2088,864,5CC7A203,0,0.9375,9,4294967295,0,0
objMonitorShieldNormal,2221,1136,5C1AE681,0,1,1,4294967295,0,0
objSolidMask01,3168,1104,4AC61F04,0,0.75,2.25,4294967295,0,0
objSolidMask08,2880,1056,A4677308,0,3,0.5,4294967295,0,0
objSolidMask07,1032,864,BA22AAA0,0,0.75,1,4294967295,0,0
objSolidMask01,0,384,651692E7,0,0.75,12,4294967295,0,0
objControllerStage,0,0,DEE029EC,0,1,1,4294967295,0,0
objControllerTitleCard,72,0,BF3AF0C0,0,1,1,4294967295,0,0
